0 0 0 , 477 380 0
0 8 0 , 483 491 0
0 16 0 , 490 613 0
0 24 0 , 497 724 0
0 32 0 , 505 844 0
0 40 0 , 511 952 0
0 48 0 , 517 1070 0
0 56 0 , 524 1176 0
0 64 0 , 531 1292 0
0 72 0 , 538 1397 0
0 80 0 , 545 1511 0
0 88 0 , 551 1613 0
0 96 0 , 558 1725 0
0 104 0 , 565 1825 0
0 112 0 , 571 1935 0
0 120 0 , 577 2034 0
0 128 0 , 584 2141 0
0 136 0 , 587 384 0
0 144 0 , 589 2239 0
0 152 0 , 593 496 0
0 160 0 , 596 2345 0
0 168 0 , 600 617 0
0 176 0 , 600 2441 0
0 184 0 , 606 728 0
0 192 0 , 606 2546 0
0 200 0 , 612 2640 0
0 208 0 , 613 846 0
0 216 0 , 618 954 0
0 224 0 , 618 2744 0
0 232 0 , 623 2838 0
0 240 0 , 624 1071 0
0 248 0 , 629 2940 0
8 0 0 , 631 1177 0
8 8 0 , 635 3031 0
8 16 0 , 638 1292 0
8 24 0 , 640 3132 0
8 32 0 , 644 1397 0
8 40 0 , 645 3222 0
8 48 0 , 651 1510 0
8 56 0 , 651 3320 0
8 64 0 , 656 3409 0
8 72 0 , 657 1612 0
8 80 0 , 663 1723 0
8 88 0 , 663 3502 0
8 96 0 , 669 1823 0
8 104 0 , 669 3584 0
8 112 0 , 675 1931 0
8 120 0 , 681 2030 0
8 128 0 , 687 2136 0
8 136 0 , 692 2233 0
8 144 0 , 698 2339 0
8 152 0 , 703 2433 0
8 160 0 , 707 392 0
8 168 0 , 709 2538 0
8 176 0 , 713 502 0
8 184 0 , 713 2632 0
8 192 0 , 719 623 0
8 200 0 , 719 2735 0
8 208 0 , 723 2828 0
8 216 0 , 724 729 0
8 224 0 , 729 2930 0
8 232 0 , 730 849 0
8 240 0 , 734 3021 0
8 248 0 , 735 956 0
16 0 0 , 739 3120 0
16 8 0 , 741 1072 0
16 16 0 , 744 3209 0
16 24 0 , 747 1179 0
16 32 0 , 750 3307 0
16 40 0 , 753 1292 0
16 48 0 , 755 3394 0
16 56 0 , 759 1396 0
16 64 0 , 760 3487 0
16 72 0 , 765 1509 0
16 80 0 , 765 3569 0
16 88 0 , 770 1610 0
16 96 0 , 776 1720 0
16 104 0 , 782 1819 0
16 112 0 , 787 1927 0
16 120 0 , 792 2025 0
16 128 0 , 798 2131 0
16 136 0 , 802 2227 0
16 144 0 , 808 2332 0
16 152 0 , 813 2425 0
16 160 0 , 816 400 0
16 168 0 , 818 2529 0
16 176 0 , 820 508 0
16 184 0 , 822 2622 0
16 192 0 , 826 628 0
16 200 0 , 827 2724 0
16 208 0 , 831 736 0
16 216 0 , 831 2817 0
16 224 0 , 836 853 0
16 232 0 , 836 2918 0
16 240 0 , 841 3008 0
16 248 0 , 842 960 0
24 0 0 , 846 3108 0
24 8 0 , 847 1075 0
24 16 0 , 850 3196 0
24 24 0 , 853 1180 0
24 32 0 , 856 3293 0
24 40 0 , 858 1294 0
24 48 0 , 860 3378 0
24 56 0 , 863 1396 0
24 64 0 , 865 3472 0
24 72 0 , 869 1508 0
24 80 0 , 869 3554 0
24 88 0 , 873 1608 0
24 96 0 , 879 1718 0
24 104 0 , 884 1817 0
24 112 0 , 889 1924 0
24 120 0 , 894 2020 0
24 128 0 , 899 2125 0
24 136 0 , 903 2220 0
24 144 0 , 908 2325 0
24 152 0 , 912 2418 0
24 160 0 , 917 2520 0
24 168 0 , 921 2613 0
24 176 0 , 926 2714 0
24 184 0 , 930 2806 0
24 192 0 , 932 409 0
24 200 0 , 934 2906 0
24 208 0 , 937 515 0
24 216 0 , 938 2996 0
24 224 0 , 942 634 0
24 232 0 , 943 3095 0
24 240 0 , 946 740 0
24 248 0 , 947 3183 0
32 0 0 , 951 857 0
32 8 0 , 952 3279 0
32 16 0 , 955 3365 0
32 24 0 , 956 963 0
32 32 0 , 959 3458 0
32 40 0 , 960 1077 0
32 48 0 , 963 3540 0
32 56 0 , 965 1182 0
32 64 0 , 970 1294 0
32 72 0 , 975 1396 0
32 80 0 , 980 1508 0
32 88 0 , 984 1607 0
32 96 0 , 989 1715 0
32 104 0 , 994 1813 0
32 112 0 , 998 1919 0
32 120 0 , 1002 2015 0
32 128 0 , 1007 2119 0
32 136 0 , 1011 2214 0
32 144 0 , 1015 2317 0
32 152 0 , 1019 2409 0
32 160 0 , 1023 2511 0
32 168 0 , 1027 2603 0
32 176 0 , 1031 2704 0
32 184 0 , 1035 2794 0
32 192 0 , 1037 416 0
32 200 0 , 1037 2902 0
32 208 0 , 1041 524 0
32 216 0 , 1042 2983 0
32 224 0 , 1045 640 0
32 232 0 , 1046 3081 0
32 240 0 , 1049 745 0
32 248 0 , 1050 3169 0
40 0 0 , 1054 861 0
40 8 0 , 1055 3265 0
40 16 0 , 1058 967 0
40 24 0 , 1058 3350 0
40 32 0 , 1062 3444 0
40 40 0 , 1063 1081 0
40 48 0 , 1065 3526 0
40 56 0 , 1067 1185 0
40 64 0 , 1071 1296 0
40 72 0 , 1075 1397 0
40 80 0 , 1080 1507 0
40 88 0 , 1083 1605 0
40 96 0 , 1088 1713 0
40 104 0 , 1092 1810 0
40 112 0 , 1096 1915 0
40 120 0 , 1100 2010 0
40 128 0 , 1104 2114 0
40 136 0 , 1107 2207 0
40 144 0 , 1111 2310 0
40 152 0 , 1115 2402 0
40 160 0 , 1118 2503 0
40 168 0 , 1122 2593 0
40 176 0 , 1125 2693 0
40 184 0 , 1129 2783 0
40 192 0 , 1132 2881 0
40 200 0 , 1136 2970 0
40 208 0 , 1139 3068 0
40 216 0 , 1143 3155 0
40 224 0 , 1146 3251 0
40 232 0 , 1150 424 0
40 240 0 , 1150 3336 0
40 248 0 , 1153 530 0
48 0 0 , 1154 3430 0
48 8 0 , 1156 3513 0
48 16 0 , 1157 646 0
48 24 0 , 1161 751 0
48 32 0 , 1164 867 0
48 40 0 , 1168 971 0
48 48 0 , 1172 1084 0
48 56 0 , 1176 1186 0
48 64 0 , 1179 1297 0
48 72 0 , 1183 1397 0
48 80 0 , 1187 1507 0
48 88 0 , 1191 1604 0
48 96 0 , 1194 1711 0
48 104 0 , 1198 1807 0
48 112 0 , 1202 1911 0
48 120 0 , 1205 2005 0
48 128 0 , 1209 2108 0
48 136 0 , 1211 2201 0
48 144 0 , 1215 2302 0
48 152 0 , 1218 2393 0
48 160 0 , 1222 2494 0
48 168 0 , 1224 2583 0
48 176 0 , 1228 2682 0
48 184 0 , 1231 2771 0
48 192 0 , 1234 2868 0
48 200 0 , 1237 2957 0
48 208 0 , 1240 3054 0
48 216 0 , 1243 3140 0
48 224 0 , 1247 3236 0
48 232 0 , 1250 3321 0
48 240 0 , 1251 431 0
48 248 0 , 1253 3414 0
56 0 0 , 1255 537 0
56 8 0 , 1256 3498 0
56 16 0 , 1258 652 0
56 24 0 , 1261 757 0
56 32 0 , 1264 871 0
56 40 0 , 1268 975 0
56 48 0 , 1271 1087 0
56 56 0 , 1274 1188 0
56 64 0 , 1277 1298 0
56 72 0 , 1280 1397 0
56 80 0 , 1284 1506 0
56 88 0 , 1287 1603 0
56 96 0 , 1290 1709 0
56 104 0 , 1293 1804 0
56 112 0 , 1297 1907 0
56 120 0 , 1300 2001 0
56 128 0 , 1303 2103 0
56 136 0 , 1305 2195 0
56 144 0 , 1309 2295 0
56 152 0 , 1311 2386 0
56 160 0 , 1314 2486 0
56 168 0 , 1317 2575 0
56 176 0 , 1320 2673 0
56 184 0 , 1322 2762 0
56 192 0 , 1325 2859 0
56 200 0 , 1328 2946 0
56 208 0 , 1331 3042 0
56 216 0 , 1333 3128 0
56 224 0 , 1336 3224 0
56 232 0 , 1339 3308 0
56 240 0 , 1343 3401 0
56 248 0 , 1345 3485 0
64 0 0 , 1361 438 0
64 8 0 , 1364 542 0
64 16 0 , 1366 657 0
64 24 0 , 1369 761 0
64 32 0 , 1372 875 0
64 40 0 , 1374 978 0
64 48 0 , 1377 1089 0
64 56 0 , 1380 1189 0
64 64 0 , 1383 1299 0
64 72 0 , 1385 1397 0
64 80 0 , 1388 1505 0
64 88 0 , 1390 1601 0
64 96 0 , 1393 1706 0
64 104 0 , 1396 1801 0
64 112 0 , 1399 1904 0
64 120 0 , 1401 1996 0
64 128 0 , 1404 2097 0
64 136 0 , 1406 2189 0
64 144 0 , 1409 2289 0
64 152 0 , 1411 2379 0
64 160 0 , 1414 2478 0
64 168 0 , 1416 2567 0
64 176 0 , 1419 2665 0
64 184 0 , 1421 2753 0
64 192 0 , 1424 2849 0
64 200 0 , 1426 2936 0
64 208 0 , 1429 3032 0
64 216 0 , 1432 3118 0
64 224 0 , 1434 3212 0
64 232 0 , 1437 3296 0
64 240 0 , 1439 3388 0
64 248 0 , 1442 3472 0
72 0 0 , 1460 444 0
72 8 0 , 1462 549 0
72 16 0 , 1464 662 0
72 24 0 , 1466 765 0
72 32 0 , 1469 878 0
72 40 0 , 1471 981 0
72 48 0 , 1473 1091 0
72 56 0 , 1475 1191 0
72 64 0 , 1477 1299 0
72 72 0 , 1479 1397 0
72 80 0 , 1482 1504 0
72 88 0 , 1483 1599 0
72 96 0 , 1486 1704 0
72 104 0 , 1488 1798 0
72 112 0 , 1490 1900 0
72 120 0 , 1493 1992 0
72 128 0 , 1495 2092 0
72 136 0 , 1497 2183 0
72 144 0 , 1499 2283 0
72 152 0 , 1502 2372 0
72 160 0 , 1504 2471 0
72 168 0 , 1507 2560 0
72 176 0 , 1509 2657 0
72 184 0 , 1511 2745 0
72 192 0 , 1514 2841 0
72 200 0 , 1516 2928 0
72 208 0 , 1518 3024 0
72 216 0 , 1521 3109 0
72 224 0 , 1523 3202 0
72 232 0 , 1525 3286 0
72 240 0 , 1527 3378 0
72 248 0 , 1529 3460 0
80 0 0 , 1567 451 0
80 8 0 , 1568 554 0
80 16 0 , 1570 667 0
80 24 0 , 1571 770 0
80 32 0 , 1573 882 0
80 40 0 , 1575 983 0
80 48 0 , 1576 1093 0
80 56 0 , 1578 1192 0
80 64 0 , 1579 1299 0
80 72 0 , 1582 1396 0
80 80 0 , 1583 1503 0
80 88 0 , 1585 1597 0
80 96 0 , 1587 1702 0
80 104 0 , 1588 1795 0
80 112 0 , 1590 1896 0
80 120 0 , 1592 1987 0
80 128 0 , 1594 2087 0
80 136 0 , 1596 2177 0
80 144 0 , 1598 2276 0
80 152 0 , 1600 2365 0
80 160 0 , 1602 2464 0
80 168 0 , 1604 2551 0
80 176 0 , 1606 2648 0
80 184 0 , 1607 2736 0
80 192 0 , 1610 2831 0
80 200 0 , 1612 2918 0
80 208 0 , 1614 3011 0
80 216 0 , 1616 3097 0
80 224 0 , 1618 3190 0
80 232 0 , 1620 3274 0
80 240 0 , 1622 3365 0
80 248 0 , 1623 3448 0
88 0 0 , 1662 455 0
88 8 0 , 1663 558 0
88 16 0 , 1665 671 0
88 24 0 , 1665 772 0
88 32 0 , 1667 884 0
88 40 0 , 1668 986 0
88 48 0 , 1669 1094 0
88 56 0 , 1670 1192 0
88 64 0 , 1672 1299 0
88 72 0 , 1673 1396 0
88 80 0 , 1674 1501 0
88 88 0 , 1676 1596 0
88 96 0 , 1677 1699 0
88 104 0 , 1678 1792 0
88 112 0 , 1680 1892 0
88 120 0 , 1681 1984 0
88 128 0 , 1683 2083 0
88 136 0 , 1685 2173 0
88 144 0 , 1686 2271 0
88 152 0 , 1688 2360 0
88 160 0 , 1690 2457 0
88 168 0 , 1691 2544 0
88 176 0 , 1693 2641 0
88 184 0 , 1694 2728 0
88 192 0 , 1696 2822 0
88 200 0 , 1698 2908 0
88 208 0 , 1700 3002 0
88 216 0 , 1702 3087 0
88 224 0 , 1704 3180 0
88 232 0 , 1705 3263 0
88 240 0 , 1707 3354 0
88 248 0 , 1708 3436 0
96 0 0 , 1767 461 0
96 8 0 , 1768 675 0
96 16 0 , 1769 562 0
96 24 0 , 1770 775 0
96 32 0 , 1770 887 0
96 40 0 , 1770 987 0
96 48 0 , 1771 1095 0
96 56 0 , 1772 1193 0
96 64 0 , 1773 1299 0
96 72 0 , 1774 1395 0
96 80 0 , 1774 1500 0
96 88 0 , 1775 1594 0
96 96 0 , 1776 1696 0
96 104 0 , 1777 1789 0
96 112 0 , 1778 1889 0
96 120 0 , 1779 1979 0
96 128 0 , 1780 2078 0
96 136 0 , 1781 2168 0
96 144 0 , 1783 2266 0
96 152 0 , 1784 2354 0
96 160 0 , 1786 2450 0
96 168 0 , 1787 2537 0
96 176 0 , 1789 2633 0
96 184 0 , 1790 2719 0
96 192 0 , 1791 2813 0
96 200 0 , 1793 2898 0
96 208 0 , 1795 2992 0
96 216 0 , 1796 3077 0
96 224 0 , 1798 3169 0
96 232 0 , 1799 3252 0
96 240 0 , 1800 3341 0
96 248 0 , 1802 3424 0
104 0 0 , 1860 467 0
104 8 0 , 1861 567 0
104 16 0 , 1862 678 0
104 24 0 , 1862 777 0
104 32 0 , 1863 888 0
104 40 0 , 1863 987 0
104 48 0 , 1863 1096 0
104 56 0 , 1864 1193 0
104 64 0 , 1864 1299 0
104 72 0 , 1864 1394 0
104 80 0 , 1864 1499 0
104 88 0 , 1865 1592 0
104 96 0 , 1865 1694 0
104 104 0 , 1866 1786 0
104 112 0 , 1866 1886 0
104 120 0 , 1867 1976 0
104 128 0 , 1868 2074 0
104 136 0 , 1869 2163 0
104 144 0 , 1871 2261 0
104 152 0 , 1872 2349 0
104 160 0 , 1873 2445 0
104 168 0 , 1874 2532 0
104 176 0 , 1875 2627 0
104 184 0 , 1876 2713 0
104 192 0 , 1877 2807 0
104 200 0 , 1878 2891 0
104 208 0 , 1880 2985 0
104 216 0 , 1881 3068 0
104 224 0 , 1882 3161 0
104 232 0 , 1883 3242 0
104 240 0 , 1884 3332 0
104 248 0 , 1885 3413 0
112 0 0 , 1963 471 0
112 8 0 , 1963 572 0
112 16 0 , 1964 780 0
112 24 0 , 1964 988 0
112 32 0 , 1964 1096 0
112 40 0 , 1964 1193 0
112 48 0 , 1964 1298 0
112 56 0 , 1964 1393 0
112 64 0 , 1964 1497 0
112 72 0 , 1964 1589 0
112 80 0 , 1964 1692 0
112 88 0 , 1964 1783 0
112 96 0 , 1964 1882 0
112 104 0 , 1965 682 0
112 112 0 , 1965 890 0
112 120 0 , 1965 1972 0
112 128 0 , 1966 2071 0
112 136 0 , 1966 2159 0
112 144 0 , 1967 2257 0
112 152 0 , 1968 2344 0
112 160 0 , 1968 2440 0
112 168 0 , 1969 2526 0
112 176 0 , 1970 2621 0
112 184 0 , 1971 2706 0
112 192 0 , 1972 2800 0
112 200 0 , 1973 2884 0
112 208 0 , 1973 2977 0
112 216 0 , 1975 3060 0
112 224 0 , 1975 3151 0
112 232 0 , 1976 3232 0
112 240 0 , 1976 3322 0
112 248 0 , 1976 3401 0
120 0 0 , 2053 1587 0
120 8 0 , 2053 1689 0
120 16 0 , 2053 1781 0
120 24 0 , 2053 1880 0
120 32 0 , 2053 1969 0
120 40 0 , 2054 1192 0
120 48 0 , 2054 1297 0
120 56 0 , 2054 1392 0
120 64 0 , 2054 1495 0
120 72 0 , 2054 2067 0
120 80 0 , 2054 2156 0
120 88 0 , 2054 2253 0
120 96 0 , 2055 573 0
120 104 0 , 2055 989 0
120 112 0 , 2055 1095 0
120 120 0 , 2055 2340 0
120 128 0 , 2055 2436 0
120 136 0 , 2055 2521 0
120 144 0 , 2056 474 0
120 152 0 , 2056 683 0
120 160 0 , 2056 782 0
120 168 0 , 2056 891 0
120 176 0 , 2056 2616 0
120 184 0 , 2057 2701 0
120 192 0 , 2057 2795 0
120 200 0 , 2058 2879 0
120 208 0 , 2058 2971 0
120 216 0 , 2058 3313 0
120 224 0 , 2058 3391 0
120 232 0 , 2059 3054 0
120 240 0 , 2059 3145 0
120 248 0 , 2059 3225 0
128 0 0 , 2146 3380 0
128 8 0 , 2148 3302 0
128 16 0 , 2149 2516 0
128 24 0 , 2149 2610 0
128 32 0 , 2150 1877 0
128 40 0 , 2150 1966 0
128 48 0 , 2150 2064 0
128 56 0 , 2150 2152 0
128 64 0 , 2150 2249 0
128 72 0 , 2150 2335 0
128 80 0 , 2150 2431 0
128 88 0 , 2150 2695 0
128 96 0 , 2150 2788 0
128 104 0 , 2150 2872 0
128 112 0 , 2150 2964 0
128 120 0 , 2150 3046 0
128 128 0 , 2150 3136 0
128 136 0 , 2150 3215 0
128 144 0 , 2151 1391 0
128 152 0 , 2151 1493 0
128 160 0 , 2151 1585 0
128 168 0 , 2151 1687 0
128 176 0 , 2151 1777 0
128 184 0 , 2152 1296 0
128 192 0 , 2153 1192 0
128 200 0 , 2154 1096 0
128 208 0 , 2155 578 0
128 216 0 , 2155 990 0
128 224 0 , 2156 479 0
128 232 0 , 2156 687 0
128 240 0 , 2156 784 0
128 248 0 , 2156 892 0
136 0 0 , 2228 3370 0
136 8 0 , 2229 3294 0
136 16 0 , 2231 3207 0
136 24 0 , 2232 3128 0
136 32 0 , 2233 2426 0
136 40 0 , 2233 2510 0
136 48 0 , 2233 2957 0
136 56 0 , 2233 3038 0
136 64 0 , 2234 2330 0
136 72 0 , 2234 2605 0
136 80 0 , 2234 2690 0
136 88 0 , 2234 2782 0
136 96 0 , 2234 2865 0
136 104 0 , 2235 2244 0
136 112 0 , 2236 2061 0
136 120 0 , 2236 2149 0
136 128 0 , 2237 1874 0
136 136 0 , 2237 1963 0
136 144 0 , 2238 1684 0
136 152 0 , 2238 1775 0
136 160 0 , 2239 1492 0
136 168 0 , 2239 1583 0
136 176 0 , 2240 1389 0
136 184 0 , 2241 1295 0
136 192 0 , 2242 1191 0
136 200 0 , 2243 1096 0
136 208 0 , 2244 990 0
136 216 0 , 2245 580 0
136 224 0 , 2245 786 0
136 232 0 , 2245 893 0
136 240 0 , 2246 482 0
136 248 0 , 2246 689 0
144 0 0 , 2316 3362 0
144 8 0 , 2318 3284 0
144 16 0 , 2320 3197 0
144 24 0 , 2321 3118 0
144 32 0 , 2323 3029 0
144 40 0 , 2324 2598 0
144 48 0 , 2324 2858 0
144 56 0 , 2324 2949 0
144 64 0 , 2325 2419 0
144 72 0 , 2325 2504 0
144 80 0 , 2325 2682 0
144 88 0 , 2325 2775 0
144 96 0 , 2326 2239 0
144 104 0 , 2326 2324 0
144 112 0 , 2327 2143 0
144 120 0 , 2328 2056 0
144 128 0 , 2329 1959 0
144 136 0 , 2330 1870 0
144 144 0 , 2332 1682 0
144 152 0 , 2332 1772 0
144 160 0 , 2333 1582 0
144 168 0 , 2334 1490 0
144 176 0 , 2336 1388 0
144 184 0 , 2337 1295 0
144 192 0 , 2338 1192 0
144 200 0 , 2340 1096 0
144 208 0 , 2341 895 0
144 216 0 , 2341 992 0
144 224 0 , 2342 789 0
144 232 0 , 2343 488 0
144 240 0 , 2343 585 0
144 248 0 , 2343 692 0
152 0 0 , 2398 3355 0
152 8 0 , 2399 3277 0
152 16 0 , 2400 3189 0
152 24 0 , 2401 3110 0
152 32 0 , 2403 3021 0
152 40 0 , 2404 2941 0
152 48 0 , 2406 2592 0
152 56 0 , 2406 2676 0
152 64 0 , 2406 2768 0
152 72 0 , 2406 2851 0
152 80 0 , 2407 2498 0
152 88 0 , 2408 2052 0
152 96 0 , 2408 2138 0
152 104 0 , 2408 2234 0
152 112 0 , 2408 2320 0
152 120 0 , 2408 2414 0
152 128 0 , 2410 1955 0
152 136 0 , 2412 1867 0
152 144 0 , 2414 1770 0
152 152 0 , 2416 1680 0
152 160 0 , 2417 1580 0
152 168 0 , 2420 1489 0
152 176 0 , 2422 1387 0
152 184 0 , 2424 1294 0
152 192 0 , 2425 1191 0
152 200 0 , 2427 1097 0
152 208 0 , 2429 897 0
152 216 0 , 2429 992 0
152 224 0 , 2430 790 0
152 232 0 , 2431 492 0
152 240 0 , 2431 587 0
152 248 0 , 2431 695 0
160 0 0 , 2485 3346 0
160 8 0 , 2487 3267 0
160 16 0 , 2488 3180 0
160 24 0 , 2489 3100 0
160 32 0 , 2491 3011 0
160 40 0 , 2492 2932 0
160 48 0 , 2493 2841 0
160 56 0 , 2494 2759 0
160 64 0 , 2495 2584 0
160 72 0 , 2495 2667 0
160 80 0 , 2496 2491 0
160 88 0 , 2497 2228 0
160 96 0 , 2497 2313 0
160 104 0 , 2497 2407 0
160 112 0 , 2498 1951 0
160 120 0 , 2498 2133 0
160 128 0 , 2499 2047 0
160 136 0 , 2500 1863 0
160 144 0 , 2503 1767 0
160 152 0 , 2506 1677 0
160 160 0 , 2508 1578 0
160 168 0 , 2511 1488 0
160 176 0 , 2513 1387 0
160 184 0 , 2516 1294 0
160 192 0 , 2519 1192 0
160 200 0 , 2521 1098 0
160 208 0 , 2522 995 0
160 216 0 , 2524 900 0
160 224 0 , 2525 794 0
160 232 0 , 2526 698 0
160 240 0 , 2528 591 0
160 248 0 , 2529 496 0
168 0 0 , 2563 3337 0
168 8 0 , 2564 3259 0
168 16 0 , 2565 3170 0
168 24 0 , 2566 3091 0
168 32 0 , 2567 3002 0
168 40 0 , 2568 2923 0
168 48 0 , 2569 2832 0
168 56 0 , 2571 2751 0
168 64 0 , 2572 2578 0
168 72 0 , 2572 2660 0
168 80 0 , 2574 2401 0
168 88 0 , 2574 2485 0
168 96 0 , 2576 2042 0
168 104 0 , 2576 2128 0
168 112 0 , 2576 2223 0
168 120 0 , 2576 2308 0
168 128 0 , 2578 1947 0
168 136 0 , 2580 1860 0
168 144 0 , 2582 1763 0
168 152 0 , 2586 1675 0
168 160 0 , 2588 1576 0
168 168 0 , 2591 1487 0
168 176 0 , 2594 1386 0
168 184 0 , 2597 1294 0
168 192 0 , 2599 1192 0
168 200 0 , 2603 1099 0
168 208 0 , 2605 996 0
168 216 0 , 2607 902 0
168 224 0 , 2609 797 0
168 232 0 , 2611 701 0
168 240 0 , 2613 500 0
168 248 0 , 2613 594 0
